name: dip
channels:
  - defaults
dependencies:
  - _libgcc_mutex=0.1=main
  - _openmp_mutex=5.1=1_gnu
  - blas=1.0=openblas
  - bzip2=1.0.8=h7b6447c_0
  - ca-certificates=2023.05.30=h06a4308_0
  - cairo=1.16.0=hb05425b_5
  - dbus=1.13.18=hb2f20db_0
  - eigen=3.3.7=hd09550d_1
  - expat=2.4.9=h6a678d5_0
  - ffmpeg=4.2.2=h20bf706_0
  - fontconfig=2.14.1=h52c9d5c_1
  - freetype=2.12.1=h4a9f257_0
  - giflib=5.2.1=h5eee18b_3
  - glib=2.69.1=he621ea3_2
  - gmp=6.2.1=h295c915_3
  - gnutls=3.6.15=he1e5248_0
  - graphite2=1.3.14=h295c915_1
  - gst-plugins-base=1.14.1=h6a678d5_1
  - gstreamer=1.14.1=h5eee18b_1
  - harfbuzz=4.3.0=hf52aaf7_1
  - hdf5=1.10.6=h3ffc7dd_1
  - icu=58.2=he6710b0_3
  - jpeg=9e=h5eee18b_1
  - krb5=1.20.1=h143b758_1
  - lame=3.100=h7b6447c_0
  - ld_impl_linux-64=2.38=h1181459_1
  - lerc=3.0=h295c915_0
  - libclang=10.0.1=default_hb85057a_2
  - libdeflate=1.17=h5eee18b_0
  - libedit=3.1.20221030=h5eee18b_0
  - libevent=2.1.12=hdbd6064_1
  - libffi=3.4.4=h6a678d5_0
  - libgcc-ng=11.2.0=h1234567_1
  - libgfortran-ng=11.2.0=h00389a5_1
  - libgfortran5=11.2.0=h1234567_1
  - libgomp=11.2.0=h1234567_1
  - libidn2=2.3.4=h5eee18b_0
  - libllvm10=10.0.1=hbcb73fb_5
  - libopenblas=0.3.21=h043d6bf_0
  - libopus=1.3.1=h7b6447c_0
  - libpng=1.6.39=h5eee18b_0
  - libpq=12.15=hdbd6064_1
  - libprotobuf=3.20.3=he621ea3_0
  - libstdcxx-ng=11.2.0=h1234567_1
  - libtasn1=4.19.0=h5eee18b_0
  - libtiff=4.5.0=h6a678d5_2
  - libunistring=0.9.10=h27cfd23_0
  - libuuid=1.41.5=h5eee18b_0
  - libvpx=1.7.0=h439df22_0
  - libwebp=1.2.4=h11a3e52_1
  - libwebp-base=1.2.4=h5eee18b_1
  - libxcb=1.15=h7f8727e_0
  - libxkbcommon=1.0.1=hfa300c1_0
  - libxml2=2.9.14=h74e7548_0
  - libxslt=1.1.35=h4e12654_0
  - lz4-c=1.9.4=h6a678d5_0
  - ncurses=6.4=h6a678d5_0
  - nettle=3.7.3=hbbd107a_1
  - nspr=4.35=h6a678d5_0
  - nss=3.89.1=h6a678d5_0
  - numpy=1.25.0=py311h24aa872_0
  - numpy-base=1.25.0=py311hbfb1bba_0
  - opencv=4.6.0=py311hba01205_3
  - openh264=2.1.1=h4ff587b_0
  - openjpeg=2.4.0=h3ad879b_0
  - openssl=3.0.9=h7f8727e_0
  - pcre=8.45=h295c915_0
  - pip=23.1.2=py311h06a4308_0
  - pixman=0.40.0=h7f8727e_1
  - python=3.11.4=h955ad1f_0
  - qt-main=5.15.2=h327a75a_7
  - qt-webengine=5.15.9=hd2b0992_4
  - qtwebkit=5.212=h4eab89a_4
  - readline=8.2=h5eee18b_0
  - setuptools=67.8.0=py311h06a4308_0
  - sqlite=3.41.2=h5eee18b_0
  - tk=8.6.12=h1ccaba5_0
  - tzdata=2023c=h04d1e81_0
  - wheel=0.38.4=py311h06a4308_0
  - x264=1!157.20191217=h7b6447c_0
  - xz=5.4.2=h5eee18b_0
  - zlib=1.2.13=h5eee18b_0
  - zstd=1.5.5=hc292b87_0
prefix: /home/evi/anaconda3/envs/dip
